row	col	year	area	mean	sd	q1	q2	kv25	kv75
1	1	1991	Forollhogna	2316.776	122.510476959517	2135	2623	2233	2374
2	1	1992	Forollhogna	2090.338	82.1020602263711	1967	2284	2035	2131
3	1	1993	Forollhogna	1972.8447	62.6858840402917	1869	2113.025	1929	2010
4	1	1994	Forollhogna	1911.3835	58.2816074335485	1813	2037	1870	1947
5	1	1995	Forollhogna	2017.6738	58.7751479748114	1915	2144	1977	2054
6	1	1996	Forollhogna	2062.7515	56.7062591584155	1965	2186	2023	2098
7	1	1997	Forollhogna	2191.2233	52.1258188632045	2102	2306	2155	2222
8	1	1998	Forollhogna	2221.57205	41.6440538391558	2153	2314	2193	2246
9	1	1999	Forollhogna	2117.72865	41.83983446149	2044	2209	2089	2143
10	1	2000	Forollhogna	1845.77455	96.2451187252705	1710	2047	1770	1917
11	1	2001	Forollhogna	1697.84515	68.8439267168121	1611	1888.025	1651	1726
12	1	2002	Forollhogna	1513.69425	48.7531671843279	1447	1636	1481	1536
13	1	2003	Forollhogna	1528.639	63.0977435829702	1421	1660	1483	1568
14	1	2004	Forollhogna	1557.69775	63.6797577768244	1451	1696	1512	1598
15	1	2005	Forollhogna	1791.42185	65.9961632767835	1690	1948	1744	1827
16	1	2006	Forollhogna	2099.4599	67.6935950672636	2000	2268	2051	2134
17	1	2007	Forollhogna	2129.44015	74.1727598104075	2022	2313	2080	2164
18	1	2008	Forollhogna	2009.5914	65.8550764223574	1914	2173	1963	2043
19	1	2009	Forollhogna	1832.68425	54.5989524095262	1756	1968	1793	1861
20	1	2010	Forollhogna	1761.95405	55.9164982034468	1678	1895	1721	1793
21	1	2011	Forollhogna	1791.01335	67.7067720551394	1685	1950	1743	1829
22	1	2012	Forollhogna	1844.5546	53.364623187936	1768	1974	1806	1872
23	1	2013	Forollhogna	1865.1868	55.1272215542178	1775	1965	1819	1909
24	1	2014	Forollhogna	1689.09325	71.2614304095189	1580	1853	1636	1732
25	1	2015	Forollhogna	1628.08365	56.8675746689617	1545	1763	1587	1659
26	1	2016	Forollhogna	1508.0828	54.3227152490521	1436	1644	1469	1536
27	1	2017	Forollhogna	1203.0108	13.0649997348222	1177	1228	1194	1212
28	1	2018	Forollhogna	1413.0248	28.8195543562989	1348	1464	1396	1433
29	1	2019	Forollhogna	1608.1406	41.1289595200944	1533	1692	1579	1636
30	1	2020	Forollhogna	1763.3829	48.3583044974769	1690	1873	1727	1794
31	1	2021	Forollhogna	1405.36685	51.816307448171	1339	1544	1370	1427.25
32	1	2022	Forollhogna	1506.6134	47.0543913596522	1437	1622	1475	1529
33	1	2023	Forollhogna	1553.1106	39.6511926490733	1480	1624	1522	1584
34	1	2024	Forollhogna	1786.5707	69.3635225923779	1647	1914	1738	1837
1	2	1991	Hardangervidda	9954.3345	816.064599085908	8636	11916.025	9381	10437.25
2	2	1992	Hardangervidda	11034.8634	822.087205720373	9798	13075.05	10429	11521
3	2	1993	Hardangervidda	11315.66355	791.920141319129	10137.975	13255.075	10751	11769.25
4	2	1994	Hardangervidda	12537.34385	755.551536841411	11398.975	14312	12003	12922
5	2	1995	Hardangervidda	13222.7583	838.648139338657	11927	15302.025	12635	13614.25
6	2	1996	Hardangervidda	12637.7426	904.910522536858	11318.975	15105.025	12062	12954.25
7	2	1997	Hardangervidda	11225.08625	770.042440115424	10066	13385	10753.75	11508
8	2	1998	Hardangervidda	9731.87895	698.315466763735	8736	11905.025	9304	10011
9	2	1999	Hardangervidda	7360.2227	392.459956104527	6742	8317	7092	7575
10	2	2000	Hardangervidda	6002.49865	221.676905271375	5682	6523.025	5839	6121
11	2	2001	Hardangervidda	5048.5283	207.732967408636	4762	5566	4895	5157
12	2	2002	Hardangervidda	4697.79135	292.483510723903	4164.975	5375.025	4508	4870
13	2	2003	Hardangervidda	5648.85265	366.410544160947	5000	6435	5405	5874
14	2	2004	Hardangervidda	6743.75805	445.908599529269	5993	7745	6417	7004
15	2	2005	Hardangervidda	7085.9359	515.316856375098	6191.975	8142.025	6680	7453
16	2	2006	Hardangervidda	7335.5862	681.534770537595	6157	8651	6816.75	7848
17	2	2007	Hardangervidda	7934.29315	856.496931146125	6643	9721.05	7260	8499
18	2	2008	Hardangervidda	8675.1981	899.293724995666	7603	11080.025	8009	9080
19	2	2009	Hardangervidda	9229.1519	512.082084073864	8653	10359	8890	9427
20	2	2010	Hardangervidda	9572.4593	406.359885521859	8989	10540.025	9270	9793
21	2	2011	Hardangervidda	10217.34575	360.097022759461	9657	11084	9976	10406
22	2	2012	Hardangervidda	10942.66395	233.985318720783	10457.975	11299	10778	11138
23	2	2013	Hardangervidda	11039.43205	307.258638896218	10509	11645	10799	11261
24	2	2014	Hardangervidda	10888.7178	606.260888625032	9494.975	11960	10534	11298
25	2	2015	Hardangervidda	10857.5141	856.455732494258	9182	12443.025	10248	11484
26	2	2016	Hardangervidda	7454.3902	116.493586011158	7188	7619	7381	7546
27	2	2017	Hardangervidda	7601.88715	167.676159544526	7249	7900	7491	7722
28	2	2018	Hardangervidda	8899.27085	225.8699835143	8450	9328	8745	9054
29	2	2019	Hardangervidda	8638.0253	263.475234167959	8107	9135	8458	8822
30	2	2020	Hardangervidda	7022.23795	267.834249096427	6561.975	7603	6831	7192
31	2	2021	Hardangervidda	7261.653	370.890849431621	6618	8054.025	7001	7495
32	2	2022	Hardangervidda	6202.01685	726.505984430513	4984.975	7528	5603	6817
33	2	2023	Hardangervidda	6886.56705	851.151754254044	5508	8444	6172	7561
34	2	2024	Hardangervidda	8118.74095	1196.5094100681	6003.975	10472.025	7255	8988
1	3	1991	Knutsho	1335.08	80.215886390549	1237	1553	1283	1364
2	3	1992	Knutsho	1453.20395	86.080567769996	1345	1691.025	1401	1481
3	3	1993	Knutsho	1541.323	85.0537552261151	1395	1717	1481	1594
4	3	1994	Knutsho	1580.57225	105.163308934318	1419	1810.025	1505	1642
5	3	1995	Knutsho	1701.6576	132.282973210803	1522	2007.025	1607	1769
6	3	1996	Knutsho	1609.6336	94.1077300984527	1482	1838	1543	1656
7	3	1997	Knutsho	1533.31605	95.52047356688	1408	1784	1466	1578
8	3	1998	Knutsho	1572.99805	99.3300849163332	1456	1842.025	1508	1609
9	3	1999	Knutsho	1378.73915	63.2365341415863	1294	1532	1336	1408
10	3	2000	Knutsho	1259.25255	51.6887381813509	1187	1387	1222	1286
11	3	2001	Knutsho	1354.67975	55.894994431144	1273	1485	1314	1385
12	3	2002	Knutsho	1330.53695	71.7060187317189	1218	1495	1280	1371
13	3	2003	Knutsho	1324.60785	64.0834378192028	1233	1480	1277	1360
14	3	2004	Knutsho	1415.24115	54.9853486494885	1330	1546	1377	1445
15	3	2005	Knutsho	1545.0705	52.9490472986105	1467	1673	1508	1573
16	3	2006	Knutsho	1556.9676	47.6237540659865	1497	1679	1526	1576
17	3	2007	Knutsho	1703.4145	13.7092226945711	1676	1730	1694	1713
18	3	2008	Knutsho	1724.31685	16.1096502792303	1693	1756	1714	1735
19	3	2009	Knutsho	1657.97795	67.4692609182577	1512	1763	1612	1710
20	3	2010	Knutsho	1684.59875	85.7493638233387	1533	1851	1619	1748
21	3	2011	Knutsho	1759.13865	100.26637518868	1605	1982	1681	1825
22	3	2012	Knutsho	1693.7365	90.9818050611913	1570	1918	1626	1744
23	3	2013	Knutsho	1640.2641	121.363247744468	1455	1932.025	1554	1705
24	3	2014	Knutsho	1526.92595	77.8191824542985	1421	1720	1469	1568
25	3	2015	Knutsho	1419.36355	75.1175939047784	1302	1590	1366	1462
26	3	2016	Knutsho	1431.23265	74.7926782593962	1317	1601	1376	1476
27	3	2017	Knutsho	1458.33485	88.2486760066028	1333	1658.025	1388	1514
28	3	2018	Knutsho	1439.33545	37.5861458414595	1357	1497	1413	1469
29	3	2019	Knutsho	1539.67215	50.8675401381813	1456	1644	1499	1576
30	3	2020	Knutsho	1385.66875	80.6052757824306	1272	1569	1322	1439
31	3	2021	Knutsho	1324.0101	67.3853926125453	1231	1485	1274	1361
32	3	2022	Knutsho	1351.7841	51.4447345724104	1283	1482	1316	1376
33	3	2023	Knutsho	1417.68005	14.4361387532333	1388	1445	1408	1428
34	3	2024	Knutsho	1501.20825	25.9413401657274	1445	1545	1485	1520
1	11	1991	LardalArdal	NA	NA	NA	NA	NA	NA
2	11	1992	LardalArdal	NA	NA	NA	NA	NA	NA
3	11	1993	LardalArdal	NA	NA	NA	NA	NA	NA
4	11	1994	LardalArdal	NA	NA	NA	NA	NA	NA
5	11	1995	LardalArdal	40.093	0.31124784144585	40	41	40	41
6	11	1996	LardalArdal	46.354	0.711555041893746	46	48	46	48
7	11	1997	LardalArdal	58.98275	3.55184548355989	54	67	54	67
8	11	1998	LardalArdal	79.32875	3.58941421559323	74	87	74	87
9	11	1999	LardalArdal	101.4875	3.94058698755041	95	110	95	110
10	11	2000	LardalArdal	113.594	3.91030518267506	107	122	107	122
11	11	2001	LardalArdal	143.789	5.2168268919627	135	155	135	155
12	11	2002	LardalArdal	149.3735	5.61202917560725	141	162	141	162
13	11	2003	LardalArdal	175.60225	6.92593221680432	164	191	164	191
14	11	2004	LardalArdal	209.964	7.0370863392484	200	226	200	226
15	11	2005	LardalArdal	246.97975	8.81097317267295	233	268	233	268
16	11	2006	LardalArdal	261.4505	10.7573221456335	245	285	245	285
17	11	2007	LardalArdal	274.5485	16.9979669510832	251.975	316	251.975	316
18	11	2008	LardalArdal	271.908	14.517307741314	250	305	250	305
19	11	2009	LardalArdal	304.988	14.0408383754522	280	336	280	336
20	11	2010	LardalArdal	323.4455	11.40076857633	303	349	303	349
21	11	2011	LardalArdal	318.5885	12.8466114834478	296	346.025	296	346.025
22	11	2012	LardalArdal	320.626	11.8464006475417	303.975	349	303.975	349
23	11	2013	LardalArdal	300.0835	16.2858323346923	273	336	273	336
24	11	2014	LardalArdal	298.20125	17.5643495476279	274	342.025	274	342.025
25	11	2015	LardalArdal	307.06275	22.8284164274846	275	361	275	361
26	11	2016	LardalArdal	128.9125	7.46460138376153	120	149	120	149
27	11	2017	LardalArdal	144.90975	7.71705858379969	131	161	131	161
28	11	2018	LardalArdal	156.74775	8.33816533703889	142	174	142	174
29	11	2019	LardalArdal	197.60075	9.0372433506764	185	219	185	219
30	11	2020	LardalArdal	199.94725	14.8958195074054	179	236	179	236
31	11	2021	LardalArdal	241.994	17.2486620665422	216	281	216	281
32	11	2022	LardalArdal	200.14575	14.3316382839323	183	240	183	240
33	11	2023	LardalArdal	228.51725	14.4170442611794	208	264	208	264
34	11	2024	LardalArdal	245.78425	54.8435197161088	84.975	325.025	84.975	325.025
1	4	1991	Nordfjella	1980.59585	106.976618999799	1827	2244	1908	2032
2	4	1992	Nordfjella	2242.64985	85.6824131241262	2104	2439	2181	2292
3	4	1993	Nordfjella	2526.40105	87.1834603390192	2384	2721	2464	2579
4	4	1994	Nordfjella	2734.91435	90.4375417706915	2589	2936	2668	2791
5	4	1995	Nordfjella	2723.1882	77.9493597529466	2620	2913	2665	2765
6	4	1996	Nordfjella	2361.1271	204.943657478652	2010	2758	2198	2512
7	4	1997	Nordfjella	1983.59685	119.495379313852	1823	2287	1900	2041
8	4	1998	Nordfjella	1865.2657	93.7652718218211	1716	2078	1800	1917
9	4	1999	Nordfjella	2015.9057	98.3669945194552	1856	2237	1945	2074
10	4	2000	Nordfjella	2162.77025	104.448735951469	1993	2397	2087	2225
11	4	2001	Nordfjella	2159.60805	118.479431944904	1976	2432	2070	2231
12	4	2002	Nordfjella	2160.48935	103.675625478429	2018	2414	2082	2217
13	4	2003	Nordfjella	2128.2183	128.976206287049	1950	2420	2025	2212
14	4	2004	Nordfjella	1902.2337	121.473266491165	1731	2179.025	1811	1976
15	4	2005	Nordfjella	2113.3429	107.832132075859	1962	2381.025	2035	2170
16	4	2006	Nordfjella	2162.7687	107.104817690002	1996	2420	2087	2221
17	4	2007	Nordfjella	2219.16805	84.6892769061033	2092	2419	2158	2266
18	4	2008	Nordfjella	2350.2095	76.0393405338016	2241	2539	2296	2391
19	4	2009	Nordfjella	2571.60725	73.4171907773144	2451	2736.025	2519	2615
20	4	2010	Nordfjella	2652.27605	80.3837111823575	2539	2845	2592	2698.25
21	4	2011	Nordfjella	2626.18395	155.774539311636	2396	2969	2504	2731
22	4	2012	Nordfjella	2602.6206	114.716145094478	2450	2890	2520	2659
23	4	2013	Nordfjella	2427.2093	86.7648598255943	2285	2629	2366	2477
24	4	2014	Nordfjella	2353.7044	73.3790565824967	2239	2524	2301	2396
25	4	2015	Nordfjella	2214.2185	65.7562571320601	2117	2372.025	2166	2251
26	4	2016	Nordfjella	2352.51675	78.0952243267194	2235	2534	2294	2399
27	4	2017	Nordfjella	1611.23565	102.842531806616	1468	1880.025	1549	1650
28	4	2018	Nordfjella	578.43435	48.6984267396376	518	708	544	600
29	4	2019	Nordfjella	567.11435	49.4526445428363	511	700	533	588
30	4	2020	Nordfjella	543.62755	81.8150580039109	426	719	479	593
31	4	2021	Nordfjella	603.16535	116.688133567228	401	853	524	678
32	4	2022	Nordfjella	578.9377	126.36555872322	399	862	478	660
33	4	2023	Nordfjella	632.1867	151.741324017489	414	984	514	724
34	4	2024	Nordfjella	731.68085	190.022255054897	484	1169	586	846
1	5	1991	RondaneN	1783.2975	96.9721778342309	1645	2023	1714	1832
2	5	1992	RondaneN	1748.94815	75.1730830231012	1647	1932	1693	1791
3	5	1993	RondaneN	1713.2708	109.015073644309	1508	1936	1641	1781
4	5	1994	RondaneN	1493.2199	80.4383003301164	1389	1694	1434	1534
5	5	1995	RondaneN	1505.57765	68.8839293323451	1406	1672	1456	1542
6	5	1996	RondaneN	1522.7655	77.3312201871326	1403	1696	1464	1570
7	5	1997	RondaneN	1402.05455	117.963029539404	1231	1674	1311	1475
8	5	1998	RondaneN	1615.4427	141.571661865933	1393.975	1955	1515	1693
9	5	1999	RondaneN	1616.1437	122.888568346781	1438	1926	1529	1678
10	5	2000	RondaneN	1755.9738	125.81971762656	1579	2079	1667	1820
11	5	2001	RondaneN	1774.1247	87.3555172798488	1652	1976	1714	1818
12	5	2002	RondaneN	1848.80635	72.5766058579718	1738	2021	1796	1889
13	5	2003	RondaneN	1856.88555	63.3012314532085	1772	2015	1810	1890
14	5	2004	RondaneN	1887.74075	82.3259370880974	1757	2069	1825	1941
15	5	2005	RondaneN	1699.0213	92.7709171479048	1568	1921	1630	1751
16	5	2006	RondaneN	1639.47465	43.633679105424	1554	1713	1607	1674
17	5	2007	RondaneN	1653.3334	52.3125068636432	1570	1766	1612	1689
18	5	2008	RondaneN	1528.91155	83.2559721848392	1398	1707	1463	1586
19	5	2009	RondaneN	1366.2512	82.7146140892237	1251	1561.025	1303	1415
20	5	2010	RondaneN	1134.9247	79.8890871347405	1039	1347	1079	1169
21	5	2011	RondaneN	1203.65055	55.0670087572421	1130	1342.025	1164	1232
22	5	2012	RondaneN	1248.9646	37.0950852419489	1180	1310	1220	1279
23	5	2013	RondaneN	1480.71	50.0386070260719	1402	1592	1443	1512
24	5	2014	RondaneN	1515.42595	90.0195433920164	1389	1720	1445	1574
25	5	2015	RondaneN	1590.4967	75.3915319068671	1477	1772	1537	1632
26	5	2016	RondaneN	1713.04115	67.086734815289	1618	1872	1663	1751
27	5	2017	RondaneN	1635.7373	108.749998238234	1469	1867	1549	1710
28	5	2018	RondaneN	1629.25825	66.3043412622508	1528	1786	1581	1667
29	5	2019	RondaneN	1517.6889	47.0074153899689	1454	1633	1482	1543
30	5	2020	RondaneN	1518.4434	59.6763701970721	1425	1651	1474	1556
31	5	2021	RondaneN	1449.9265	87.4049465361312	1321	1652	1382	1505
32	5	2022	RondaneN	1505.6939	78.1829830060966	1379	1681	1450	1552
33	5	2023	RondaneN	1708.95795	91.9232885418397	1558	1911	1642	1764
34	5	2024	RondaneN	1898.4948	124.997612349655	1698	2176	1807	1974
1	6	1991	RondaneS	2900.6531	167.937463985796	2652	3292	2785	2984
2	6	1992	RondaneS	2627.45135	109.59819260083	2459	2880.025	2549	2688
3	6	1993	RondaneS	2625.90685	98.323929706024	2470	2854.025	2556	2680
4	6	1994	RondaneS	2694.8168	94.4477170519373	2565	2928	2625	2746
5	6	1995	RondaneS	2744.5631	178.106605201859	2399	3115	2630	2855
6	6	1996	RondaneS	2532.54765	135.041089059087	2342.975	2857	2432	2607
7	6	1997	RondaneS	2454.4439	122.66370886315	2259.975	2732	2365	2529
8	6	1998	RondaneS	2438.2846	108.274371251065	2273	2688.025	2358	2502
9	6	1999	RondaneS	2403.24245	102.426117389432	2227	2632	2332	2466
10	6	2000	RondaneS	2624.5361	55.6112491079041	2499	2708	2589	2668
11	6	2001	RondaneS	2771.7893	64.6683988173534	2671	2919	2723	2812.25
12	6	2002	RondaneS	2811.9672	97.3039774488246	2660	3037	2741	2870
13	6	2003	RondaneS	2885.1091	127.950838872	2678	3176	2791	2962
14	6	2004	RondaneS	2957.37745	141.226965676847	2734	3268	2850.75	3048
15	6	2005	RondaneS	3043.58635	145.157748612593	2829	3384	2935	3129
16	6	2006	RondaneS	2867.04005	187.369534378239	2607	3304	2719	2983.25
17	6	2007	RondaneS	2488.9154	74.4889325530554	2362	2615	2426	2551
18	6	2008	RondaneS	2438.01145	97.0147175003261	2275	2646	2366	2502
19	6	2009	RondaneS	2314.3096	115.473517979265	2137	2586.025	2230	2381
20	6	2010	RondaneS	2438.59125	87.5006925229572	2314	2652	2375	2486
21	6	2011	RondaneS	2534.28885	96.331743500872	2388	2761	2464	2591
22	6	2012	RondaneS	2394.2734	119.316882201803	2231	2691	2305	2460
23	6	2013	RondaneS	2068.0127	120.713262002529	1893	2359	1979	2138
24	6	2014	RondaneS	2092.5456	82.1488937398255	1975	2289	2031	2138
25	6	2015	RondaneS	2004.3139	93.7421785888952	1869	2225	1934	2059
26	6	2016	RondaneS	2182.4671	101.037727353239	2023	2412	2108	2242
27	6	2017	RondaneS	2384.1874	106.209480292134	2221	2626	2307	2448
28	6	2018	RondaneS	2507.8374	122.885792128852	2315	2782	2414	2584
29	6	2019	RondaneS	2534.5961	158.819221261288	2291	2882	2410	2640
30	6	2020	RondaneS	2578.0451	178.547366331994	2335	2998.025	2440	2684
31	6	2021	RondaneS	2552.90185	172.418121776724	2322.975	2962	2422	2649
32	6	2022	RondaneS	2731.10145	162.831761849557	2498	3126	2610	2824
33	6	2023	RondaneS	2919.0854	216.175576096896	2548	3384	2757.75	3059
34	6	2024	RondaneS	3066.77555	346.352565426007	2319.975	3730	2853	3294
1	7	1991	Snohetta	NA	NA	NA	NA	NA	NA
2	7	1992	Snohetta	NA	NA	NA	NA	NA	NA
3	7	1993	Snohetta	2402.0344	124.074023610129	2215	2695	2314	2469.25
4	7	1994	Snohetta	2404.19685	116.089134868166	2226	2671	2318	2472
5	7	1995	Snohetta	2342.22665	107.569381044814	2181	2589	2265	2405
6	7	1996	Snohetta	2357.4469	120.558405334696	2186	2650.025	2272	2417
7	7	1997	Snohetta	2278.1088	124.299182929349	2124	2617	2194	2327
8	7	1998	Snohetta	2234.0574	121.466283009465	2095	2582	2157	2275
9	7	1999	Snohetta	2128.6974	87.9708319649407	2028	2345	2071	2162
10	7	2000	Snohetta	1996.82515	80.919595133202	1879	2198	1945	2031
11	7	2001	Snohetta	1964.3404	61.1967897866711	1862	2105	1922	1999
12	7	2002	Snohetta	1927.2888	54.9189994390372	1839	2054	1889	1958
13	7	2003	Snohetta	2258.82145	54.4925521682513	2174	2386	2220	2289
14	7	2004	Snohetta	2514.31805	54.192642824689	2445	2649.025	2474	2542
15	7	2005	Snohetta	2392.8374	14.7941915847143	2364	2422	2383	2403
16	7	2006	Snohetta	2628.59775	5.56381099042166	2621	2642	2624	2632
17	7	2007	Snohetta	2472.8052	240.712465563198	2202	3028	2288	2594
18	7	2008	Snohetta	2588.20085	255.47547709173	2297	3363	2423	2664
19	7	2009	Snohetta	2676.00885	137.606402640938	2469	2998	2580	2748
20	7	2010	Snohetta	2733.1786	136.350873778201	2530	3061	2635	2807
21	7	2011	Snohetta	2916.19225	119.950130019196	2740.975	3207.025	2830	2979
22	7	2012	Snohetta	3139.10675	114.327960265905	2970	3402	3055	3206
23	7	2013	Snohetta	3197.77215	113.884352817533	3046	3472.025	3115	3257
24	7	2014	Snohetta	3090.02075	99.5469321426956	2950	3340	3020	3139
25	7	2015	Snohetta	2944.5501	135.00338694164	2713	3231	2842	3034
26	7	2016	Snohetta	2960.75965	141.773573592493	2735	3279	2854	3049
27	7	2017	Snohetta	3020.1115	167.822552084633	2755	3406.025	2898	3120
28	7	2018	Snohetta	2986.32995	150.247428255802	2783	3353.025	2873	3067
29	7	2019	Snohetta	2419.67165	128.218491394004	2266	2780	2333	2468
30	7	2020	Snohetta	2179.31375	75.4093067141878	2079	2351	2126	2216
31	7	2021	Snohetta	2010.4089	70.3992223203862	1904	2181	1960	2049
32	7	2022	Snohetta	1911.603	85.9426663427131	1768	2102	1848	1965
33	7	2023	Snohetta	2121.4895	159.152123327551	1754	2408	2030	2228
34	7	2024	Snohetta	2382.8236	235.677415921125	1868	2795	2235	2547
1	8	1991	SnohettaE	NA	NA	NA	NA	NA	NA
2	8	1992	SnohettaE	NA	NA	NA	NA	NA	NA
3	8	1993	SnohettaE	1963.43865	78.7961279357456	1853	2159	1908	2003
4	8	1994	SnohettaE	1922.71555	76.6275526640964	1813	2115	1870	1958
5	8	1995	SnohettaE	1816.2165	65.724013952668	1712	1973	1771	1853
6	8	1996	SnohettaE	1794.31485	71.3739765720258	1685	1964	1745	1832
7	8	1997	SnohettaE	1661.37615	56.825503236385	1576	1799	1622	1691
8	8	1998	SnohettaE	1596.9617	60.7643633102695	1513	1754	1556	1624
9	8	1999	SnohettaE	1445.5267	58.6255834517811	1371	1598	1407	1470
10	8	2000	SnohettaE	1371.63825	63.8117958076852	1292	1546.025	1331	1396
11	8	2001	SnohettaE	1390.5935	72.0427315244798	1304	1590	1347	1414
12	8	2002	SnohettaE	1397.854	75.359137030467	1316	1596	1355	1418
13	8	2003	SnohettaE	1760.12675	45.007337929063	1692	1869	1731	1782
14	8	2004	SnohettaE	2017.9288	35.4845302653763	1965	2106	1994	2035
15	8	2005	SnohettaE	2129.97845	13.8816432960414	2103	2157	2121	2139
16	8	2006	SnohettaE	2279.746	6.27837995845625	2271	2295	2275	2283
17	8	2007	SnohettaE	2012.30335	176.296625474753	1816	2531	1896	2064
18	8	2008	SnohettaE	2083.1712	145.917420773684	1920	2516.025	1997	2121
19	8	2009	SnohettaE	2207.2627	95.0904216949578	2069	2460.025	2142	2252
20	8	2010	SnohettaE	2239.70945	92.2455613722262	2105	2482	2177	2283
21	8	2011	SnohettaE	2416.4331	78.6620010545784	2297	2589	2363	2457
22	8	2012	SnohettaE	2583.67085	77.0329086412306	2466	2766	2531	2625
23	8	2013	SnohettaE	2569.8317	76.7368529608826	2466	2751.025	2518	2605
24	8	2014	SnohettaE	2400.29975	68.3895471285292	2297	2557	2353	2437
25	8	2015	SnohettaE	2298.7718	83.2151804845315	2150	2481	2242	2349
26	8	2016	SnohettaE	2308.6569	108.546806967571	2113	2543.025	2234	2376
27	8	2017	SnohettaE	1884.43445	7.6618952243829	1871	1901	1879	1889
28	8	2018	SnohettaE	2002.2301	5.4208969088302	1995	2015	1998	2005
29	8	2019	SnohettaE	1902.14065	74.128982340773	1763	2019	1843	1967
30	8	2020	SnohettaE	1775.852	73.6271162250171	1654	1937	1721	1824
31	8	2021	SnohettaE	1639.79975	75.2352122798616	1520	1814	1585	1685
32	8	2022	SnohettaE	1597.51845	85.7188984184631	1461	1789	1534	1651
33	8	2023	SnohettaE	1844.6265	124.723417184945	1616	2103	1760	1922
34	8	2024	SnohettaE	2095.20365	175.04255960069	1746	2448	1984	2205
1	9	1991	SnohettaW	NA	NA	NA	NA	NA	NA
2	9	1992	SnohettaW	NA	NA	NA	NA	NA	NA
3	9	1993	SnohettaW	487.37075	46.2206978753362	408	587	455	516
4	9	1994	SnohettaW	519.34195	41.1856945221173	450	608	490	545
5	9	1995	SnohettaW	558.34135	33.7938445781783	500	631	534	579
6	9	1996	SnohettaW	579.9315	32.9498693843333	524	653	557	600
7	9	1997	SnohettaW	654.29625	30.5096071384718	602	721	633	673
8	9	1998	SnohettaW	702.354	29.4855482207419	653	768	682	720
9	9	1999	SnohettaW	778.5464	29.3270361747064	730	845	758	796
10	9	2000	SnohettaW	777.73835	27.0392981687723	733	838	759	794
11	9	2001	SnohettaW	798.05345	25.1771084010232	757	854.024999999998	780	813
12	9	2002	SnohettaW	735.07885	17.9602244184353	711	781	722	744
13	9	2003	SnohettaW	691.8724	27.3503495465966	642	748.024999999998	673	710
14	9	2004	SnohettaW	715.3843	29.5723204976711	673	784	693	733
15	9	2005	SnohettaW	633.725	79.0222715503044	462	768	585	688
16	9	2006	SnohettaW	401.86155	30.760162401669	362	479	380	416
17	9	2007	SnohettaW	456.95545	24.0646986431067	425	519	439	469
18	9	2008	SnohettaW	523.73155	42.7434209510567	447	617	494	550
19	9	2009	SnohettaW	538.2665	32.9141253071115	495	618	514	556
20	9	2010	SnohettaW	540.44585	58.5100234055623	450	665	493	579
21	9	2011	SnohettaW	517.1984	30.4339423782466	475	593	496	532
22	9	2012	SnohettaW	581.90145	26.9766310874568	546	648	563	596
23	9	2013	SnohettaW	620.8251	37.7576640173833	561	706	594	642
24	9	2014	SnohettaW	653.45835	31.1387852440461	606	730.024999999998	632	669
25	9	2015	SnohettaW	665.47755	29.792152903344	616	730	644	684
26	9	2016	SnohettaW	735.316	27.6676619716222	690	799	715	752
27	9	2017	SnohettaW	840.21525	20.6175015825409	816	892	824	852
28	9	2018	SnohettaW	822.75065	41.8992082474131	764	917.024999999998	790	849
29	9	2019	SnohettaW	654.0575	50.6778877437222	597	796	619	674
30	9	2020	SnohettaW	584.22055	37.5335762506693	532	673	555	606
31	9	2021	SnohettaW	451.60595	39.9739736644486	406	563	423.75	467
32	9	2022	SnohettaW	354.04505	26.0311505995716	322	422	336	365
33	9	2023	SnohettaW	366.50795	19.4180943945845	339	413	352	377
34	9	2024	SnohettaW	376.8273	28.2462487286075	336	439	354	396
1	10	1991	Solnkletten	NA	NA	NA	NA	NA	NA
2	10	1992	Solnkletten	NA	NA	NA	NA	NA	NA
3	10	1993	Solnkletten	NA	NA	NA	NA	NA	NA
4	10	1994	Solnkletten	NA	NA	NA	NA	NA	NA
5	10	1995	Solnkletten	NA	NA	NA	NA	NA	NA
6	10	1996	Solnkletten	NA	NA	NA	NA	NA	NA
7	10	1997	Solnkletten	NA	NA	NA	NA	NA	NA
8	10	1998	Solnkletten	NA	NA	NA	NA	NA	NA
9	10	1999	Solnkletten	NA	NA	NA	NA	NA	NA
10	10	2000	Solnkletten	NA	NA	NA	NA	NA	NA
11	10	2001	Solnkletten	NA	NA	NA	NA	NA	NA
12	10	2002	Solnkletten	NA	NA	NA	NA	NA	NA
13	10	2003	Solnkletten	NA	NA	NA	NA	NA	NA
14	10	2004	Solnkletten	NA	NA	NA	NA	NA	NA
15	10	2005	Solnkletten	NA	NA	NA	NA	NA	NA
16	10	2006	Solnkletten	NA	NA	NA	NA	NA	NA
17	10	2007	Solnkletten	NA	NA	NA	NA	NA	NA
18	10	2008	Solnkletten	NA	NA	NA	NA	NA	NA
19	10	2009	Solnkletten	NA	NA	NA	NA	NA	NA
20	10	2010	Solnkletten	NA	NA	NA	NA	NA	NA
21	10	2011	Solnkletten	1078.44795	60.0450061281998	993	1224	1036	1109
22	10	2012	Solnkletten	1060.7589	49.0697683191815	987	1178	1026	1087
23	10	2013	Solnkletten	1036.0993	36.2743632746538	981	1121	1010	1056
24	10	2014	Solnkletten	1021.6074	26.983166415443	983	1087	1002	1036
25	10	2015	Solnkletten	985.90035	21.333107484641	963	1040	970	996
26	10	2016	Solnkletten	941.86	49.9356163303199	869	1055	903	974
27	10	2017	Solnkletten	870.47615	51.3032974826583	796	992	832	901
28	10	2018	Solnkletten	836.1245	45.2985098816713	774	947	802	861
29	10	2019	Solnkletten	733.1277	52.0655426721617	661	858	694	762
30	10	2020	Solnkletten	781.7451	39.998932757276	730	884	753	802
31	10	2021	Solnkletten	793.63805	16.3686938667826	759	822	783	805.25
32	10	2022	Solnkletten	884.33965	18.5115969553843	857	927	870	896
33	10	2023	Solnkletten	869.5138	56.3791046375515	794	996	824.75	906
34	10	2024	Solnkletten	827.70755	91.2765424047009	653	1018	768	884
